0 0.347345
0 0.415154
0 0.456193
0 0.496835
0 0.5454
0 0.547784
0 0.563324
0 0.582635
0 0.59021
0 0.74978
1 0.268064
1 0.323155
1 0.36017
1 0.378642
1 0.427109
1 0.488116
1 0.494432
1 0.540999
1 0.612783
1 0.638563
2 0.0913585
2 0.331427
2 0.346091
2 0.348748
2 0.352656
2 0.372223
2 0.604598
2 0.608702
2 0.614878
2 0.636706
3 0.2042
3 0.207869
3 0.242439
3 0.341099
3 0.378436
3 0.431282
3 0.475416
3 0.546286
3 0.570281
3 0.640835
4 0.175383
4 0.340747
4 0.481881
4 0.49961
4 0.535471
4 0.539407
4 0.566815
4 0.589553
4 0.629269
4 0.689974
5 0.222769
5 0.287421
5 0.310546
5 0.31847
5 0.44131
5 0.503664
5 0.510537
5 0.53416
5 0.546009
5 0.71153
6 0.170378
6 0.353803
6 0.459206
6 0.461152
6 0.530109
6 0.533298
6 0.597581
6 0.705642
6 0.709411
6 0.743689
7 0.24969
7 0.364016
7 0.377873
7 0.398847
7 0.412392
7 0.453367
7 0.498197
7 0.601267
7 0.644138
7 0.699568
8 0.400225
8 0.409157
8 0.464458
8 0.491285
8 0.49877
8 0.537155
8 0.545687
8 0.623547
8 0.64117
8 0.663546
9 0.215493
9 0.361235
9 0.368797
9 0.388227
9 0.454188
9 0.473751
9 0.499432
9 0.529415
9 0.544173
9 0.594604
